61,35
44,1
44,3
45,1
45,3
10,157
10,303
10,297
10,15
10,89
10,85
10,275
11,21
11,28
11,11
11,13
11,15
11,29
11,26
9,5
8,17
57,5
57,4
57,3
57,2
57,1
57,0
55,5
55,4
55,3
55,2
55,1
55,0
53,4
53,3
53,2
53,1
53,0
52,6
52,5
52,4
52,3
52,2
52,1
52,0
49,7
49,6
49,5
49,4
49,1
49,3
40,3
40,1
39,3
39,1
38,3
38,1
35,3
35,1
34,3
34,1
31,3
31,1
30,3
30,1
29,3
29,1
28,3
28,1
27,3
27,1
25,3
25,1
24,3
24,1
20,3
20,2
20,1
19,3
19,2
19,1
12,3
12,2
12,1
11,30
11,27
11,23
11,22
11,18
11,10
11,9
11,6
11,3
11,2
11,1
10,302
10,296
10,280
18,1
10,212
18,3
10,206
10,182
14,1
10,172
14,3
13,1
10,170
10,3
13,3
10,2
10,1
9,7
9,6
